05 05 05 05 05 05 05 05 05 05 05 05 05 05 05 05 05 05 05 05 05 05 05 05 05 05 05 05 05 05 05 05 05 05 05 05 05 05 05 05 05 05 05 05 05 05 05 05 05 05#
05 05 05 05 05 05 05 05 05 05 05 05 05 05 05 05 05 05 05 05 05 05 05 05 05 05 05 05 05 05 05 05 05 05 05 05 05 05 05 05 05 05 05 05 05 05 05 05 05 05#
05 05 05 05 05 05 05 05 05 05 05 05 05 05 05 05 05 05 05 05 05 05 05 05 05 05 05 05 05 05 05 05 05 05 05 05 05 05 05 05 05 05 05 05 05 05 05 05 05 05#
05 05 05 05 05 05 05 05 05 05 05 05 05 05 05 05 05 05 05 07 05 05 05 05 05 06 05 05 05 05 05 05 05 05 05 05 05 05 05 05 05 05 05 05 05 05 05 05 05 05#
05 05 05 05 05 05 05 05 05 05 05 05 05 05 05 05 05 05 05 05 05 05 05 05 05 05 05 05 05 05 05 05 05 05 05 05 05 05 05 05 05 05 05 05 05 05 05 05 05 05#
05 05 05 05 05 05 05 05 05 05 05 05 05 05 05 05 05 05 05 05 05 05 06 05 05 05 05 05 05 05 05 05 05 05 05 05 05 05 05 05 05 05 05 05 05 05 05 05 05 05#
05 05 05 05 05 05 05 05 05 05 05 05 05 05 05 05 05 05 07 05 05 05 05 05 05 05 05 05 05 05 05 05 05 05 05 05 05 05 05 05 05 05 05 05 05 05 05 05 05 05#
05 05 05 05 05 05 05 05 05 05 05 05 05 05 05 05 05 05 05 05 05 05 05 05 05 05 05 05 05 05 05 05 05 05 05 05 05 05 05 05 05 05 05 05 05 05 05 05 05 05#
05 05 05 05 05 05 05 05 05 43 41 41 41 41 41 41 41 41 41 41 41 41 41 41 41 41 41 41 41 41 41 41 41 41 41 41 41 41 41 41 44 05 05 05 05 05 05 05 05 05#
05 05 05 05 05 05 05 05 05 39 00 00 00 00 00 00 00 00 00 00 00 00 00 00 00 00 00 00 00 00 00 00 00 00 00 00 00 00 00 00 37 05 05 05 05 05 05 05 05 05#
05 05 05 05 05 05 05 05 05 39 00 00 00 00 00 00 00 00 00 00 00 00 00 00 00 00 00 00 00 00 00 00 00 00 00 00 00 00 00 00 37 05 05 05 05 05 05 05 05 05#
05 05 05 05 05 05 05 05 05 39 00 00 00 00 00 00 00 00 00 00 00 00 00 00 00 00 00 00 00 00 00 00 00 00 00 00 00 00 00 00 37 05 05 05 05 05 05 05 05 05#
05 05 05 05 05 05 05 05 05 39 00 00 00 00 00 00 00 00 00 00 00 00 00 00 00 00 00 00 00 00 00 00 00 00 00 00 00 00 00 00 37 05 05 05 05 05 05 05 05 05#
05 05 05 05 05 05 05 05 05 39 00 00 00 00 00 00 00 00 00 00 00 00 00 00 00 00 00 00 00 00 00 00 00 00 00 00 00 00 00 00 37 05 05 05 05 05 05 05 05 05#
05 05 05 05 05 05 05 05 05 39 00 00 00 00 00 00 00 00 00 00 00 00 00 00 03 03 03 03 03 03 03 00 00 00 00 00 00 00 00 00 37 05 05 05 05 05 05 05 05 05#
05 05 05 05 05 05 05 05 05 39 00 00 00 00 00 01 00 00 00 00 00 00 00 00 03 02 02 02 02 02 03 00 00 00 00 00 00 00 00 00 37 05 05 05 05 05 05 05 05 05#
05 05 05 05 05 05 05 05 05 39 00 00 00 01 00 00 00 00 00 00 00 00 00 00 03 02 03 03 03 02 03 03 03 03 00 00 00 00 00 00 37 05 05 05 05 05 05 05 05 05#
05 05 05 05 05 05 05 05 05 39 00 00 00 00 00 00 00 00 00 00 00 00 00 00 03 02 03 03 02 02 03 02 02 00 00 00 00 00 00 00 37 05 05 05 05 05 05 05 05 05#
05 05 05 05 05 05 05 05 05 39 00 00 00 00 00 00 00 00 01 00 00 00 00 00 03 02 03 03 03 03 03 02 03 00 00 00 00 00 00 00 37 05 05 05 05 05 05 05 05 05#
05 05 05 05 05 05 05 05 05 39 00 00 00 00 00 00 00 00 00 00 00 00 00 00 03 02 03 03 03 21 22 02 03 00 00 00 00 00 00 00 37 05 05 05 05 05 05 05 05 05#
05 05 05 05 05 05 05 05 05 39 00 00 00 00 03 00 00 00 00 00 00 00 00 00 03 02 02 02 02 02 02 02 03 00 00 00 00 00 00 00 37 05 05 05 05 05 05 05 05 05#
05 05 05 05 05 05 05 05 05 39 00 00 00 03 03 00 00 00 00 00 00 00 00 00 03 03 03 03 03 03 03 03 03 00 00 00 00 00 00 00 37 05 05 05 05 05 05 05 05 05#
05 05 05 05 05 05 05 05 05 39 00 00 00 03 00 00 00 00 00 00 00 00 00 00 00 00 00 00 00 00 00 00 00 00 00 00 00 00 00 00 37 05 05 05 05 05 05 05 05 05#
05 05 05 05 05 05 05 05 05 39 00 00 00 00 00 00 00 00 00 00 00 21 22 23 00 00 00 00 00 00 00 00 00 00 00 00 00 00 00 00 37 05 05 05 05 05 05 05 05 05#
05 05 05 05 05 05 05 05 05 39 00 00 00 00 00 00 00 00 00 01 00 27 02 29 00 00 00 00 00 00 00 00 00 00 00 00 00 00 00 00 37 05 05 05 05 05 05 05 05 05#
05 05 05 05 05 05 05 05 05 39 00 00 00 00 03 00 00 00 00 04 04 04 02 04 04 04 04 00 00 01 00 00 00 00 00 00 00 00 00 00 37 05 05 05 05 05 05 05 05 05#
05 05 05 05 05 05 05 05 05 39 00 00 00 00 00 00 00 00 00 04 02 02 02 02 02 02 04 00 00 00 00 00 00 01 00 00 00 00 00 00 37 05 05 05 05 05 05 05 05 05#
05 05 05 05 05 05 05 05 05 39 00 00 00 00 00 00 00 00 00 04 02 02 02 02 02 02 04 00 00 00 00 00 00 00 01 00 00 00 00 00 37 05 05 05 05 05 05 05 05 05#
05 05 05 05 05 05 05 05 05 39 00 01 00 00 00 00 00 00 00 04 02 02 02 02 02 02 04 00 00 00 00 00 00 00 00 00 00 00 00 00 37 05 05 05 05 05 05 05 05 05#
05 05 05 05 05 05 05 05 05 39 00 00 00 00 00 00 00 01 00 04 04 04 04 04 04 04 04 00 00 00 00 01 00 00 00 00 00 00 00 00 37 05 05 05 05 05 05 05 05 05#
05 05 05 05 05 05 05 05 05 39 00 00 00 00 00 00 00 00 00 00 00 00 00 00 00 00 00 00 00 00 00 00 00 00 00 00 00 00 00 00 37 05 05 05 05 05 05 05 05 05#
05 05 05 05 05 05 05 05 05 39 00 00 00 00 00 00 00 00 00 00 00 00 00 00 00 00 00 00 00 00 00 00 00 00 00 00 00 00 00 00 37 05 05 05 05 05 05 05 05 05#
05 05 05 05 05 05 05 05 05 39 00 00 00 01 00 00 00 00 00 00 00 00 00 00 21 22 22 22 23 00 00 00 00 00 00 00 00 00 00 00 37 05 05 05 05 05 05 05 05 05#
05 05 05 05 05 05 05 05 05 39 00 00 00 00 00 00 00 00 00 00 00 00 00 00 24 25 25 25 26 00 00 00 00 00 00 00 00 00 00 00 37 05 05 05 05 05 05 05 05 05#
05 05 05 05 05 05 05 05 05 39 00 00 00 00 00 00 00 00 00 00 00 00 00 00 27 28 28 28 29 00 00 00 00 00 00 00 00 00 00 00 37 05 05 05 05 05 05 05 05 05#
05 05 05 05 05 05 05 05 05 39 00 00 00 00 00 00 00 00 00 00 00 00 00 00 00 00 00 00 00 00 00 00 00 00 00 00 00 00 00 00 37 05 05 05 05 05 05 05 05 05#
05 05 05 05 05 05 05 05 05 39 00 00 00 00 00 34 35 36 00 00 00 00 00 00 00 00 00 00 00 00 00 00 00 00 00 00 00 00 00 00 37 05 05 05 05 05 05 05 05 05#
05 05 05 05 05 05 05 05 05 39 00 00 00 00 00 37 38 39 00 00 00 00 00 00 00 00 00 00 00 00 00 00 00 00 00 00 00 00 00 00 37 05 05 05 05 05 05 05 05 05#
05 05 05 05 05 05 05 05 05 39 00 00 00 00 00 40 41 42 00 00 00 00 00 00 00 00 00 00 00 00 00 00 00 00 00 00 00 00 00 00 37 05 05 05 05 05 05 05 05 05#
05 05 05 05 05 05 05 05 05 39 00 00 00 00 00 00 00 00 00 00 00 00 00 00 00 00 00 00 00 00 00 00 00 00 00 00 00 00 00 00 37 05 05 05 05 05 05 05 05 05#
05 05 05 05 05 05 05 05 05 39 00 00 00 00 00 00 00 00 00 00 00 00 00 00 00 00 00 00 00 00 00 00 00 00 00 00 00 00 00 00 37 05 05 05 05 05 05 05 05 05#
05 05 05 05 05 05 05 05 05 39 00 00 00 00 00 00 00 00 00 00 00 00 00 00 00 00 00 00 00 00 00 00 00 00 00 00 00 00 00 00 37 05 05 05 05 05 05 05 05 05#
05 05 05 05 05 05 05 05 05 39 00 00 00 00 00 00 00 00 00 00 00 00 00 00 00 00 00 00 00 00 00 00 00 00 00 00 00 00 00 00 37 05 05 05 05 05 05 05 05 05#
05 05 05 05 05 05 05 05 05 45 35 35 35 35 35 35 35 35 35 35 35 35 35 35 35 35 35 35 35 35 35 35 35 35 35 35 35 35 35 35 46 05 05 05 05 05 05 05 05 05#
05 05 05 05 05 05 05 05 05 05 05 05 05 05 05 05 05 05 05 05 05 05 05 05 05 05 05 05 05 05 05 05 05 05 05 05 05 05 05 05 05 05 05 05 05 05 05 05 05 05#
05 05 05 05 05 05 05 05 05 05 05 05 05 05 05 05 05 05 05 05 05 05 05 05 05 05 05 05 05 05 05 05 05 05 05 05 05 05 05 05 05 05 05 05 05 05 05 05 05 05#
05 05 05 05 05 05 05 05 05 05 05 05 05 05 05 05 05 05 05 05 05 05 05 05 05 05 05 05 05 05 05 05 05 05 05 05 05 05 05 05 05 05 05 05 05 05 05 05 05 05#
05 05 05 05 05 05 05 05 05 05 05 05 05 05 05 05 05 05 05 05 05 05 05 05 05 05 05 05 05 05 05 05 05 05 05 05 05 05 05 05 05 05 05 05 05 05 05 05 05 05#
05 05 05 05 05 05 05 05 05 05 05 05 05 05 05 05 05 05 05 05 05 05 05 05 05 05 05 05 05 05 05 05 05 05 05 05 05 05 05 05 05 05 05 05 05 05 05 05 05 05#
05 05 05 05 05 05 05 05 05 05 05 05 05 05 05 05 05 05 05 05 05 05 05 05 05 05 05 05 05 05 05 05 05 05 05 05 05 05 05 05 05 05 05 05 05 05 05 05 05 05#